1
10
100
101
102
103
104
106
107
108
109
110
112
113
114
115
116
117
118
119
12
120
121
122
123
124
125
126
127
128
129
13
130
131
132
133
134
135
136
137
138
139
14
140
141
142
143
144
145
146
147
148
149
15
150
151
153
154
155
156
157
158
159
16
161
162
163
164
165
166
167
168
169
17
170
171
172
173
174
175
176
177
178
179
18
180
181
182
183
184
185
186
187
188
189
190
191
192
193
194
196
197
198
199
2
20
200
201
203
204
205
206
207
208
209
21
210
212
213
216
217
218
219
22
220
221
222
223
224
225
227
228
229
23
230
231
232
233
234
235
236
237
238
239
24
240
241
242
244
245
246
247
249
250
251
254
255
256
257
258
259
26
260
261
262
263
264
265
266
267
268
269
27
270
271
272
273
275
276
277
278
279
28
280
282
283
284
285
286
287
288
289
29
290
292
293
294
295
296
297
298
3
30
300
301
302
303
304
306
307
308
309
31
310
311
312
313
314
315
317
319
32
320
321
322
323
324
325
326
327
328
329
33
330
331
333
334
335
336
337
338
339
34
340
341
342
343
344
345
346
347
348
349
35
350
351
352
353
354
355
356
357
358
359
36
360
361
362
363
364
365
366
367
368
369
37
370
371
372
373
375
376
377
378
379
38
380
382
383
384
385
386
387
388
39
390
391
392
393
394
395
396
397
398
399
4
40
400
403
404
405
407
408
409
41
410
411
412
413
415
416
417
418
419
42
420
421
422
423
424
426
427
428
429
43
430
431
432
433
434
435
436
437
438
44
440
444
445
447
448
449
45
450
451
452
453
454
455
456
457
458
459
46
460
461
462
463
464
465
466
467
468
469
470
471
472
473
474
475
478
479
48
480
482
483
484
49
50
51
52
53
55
56
57
59
6
60
61
62
63
64
65
66
67
68
69
70
71
72
73
74
75
76
77
78
79
8
80
81
83
84
86
87
88
89
9
90
91
92
93
94
95
96
97
98
99
